0|1
1|1,01005016708417
2|1,02020134002676
3|1,03045453395352
4|1,04081077419239
5|1,05127109637602
6|1,06183654654536
7|1,07250818125422
8|1,08328706767496
9|1,09417428370521
10|1,10517091807565
11|1,11627807045887
12|1,12749685157938
13|1,13882838332462
14|1,15027379885723
15|1,16183424272828
16|1,17351087099181
17|1,18530485132037
18|1,19721736312181
19|1,20924959765725
20|1,22140275816017
21|1,23367805995674
22|1,24607673058738
23|1,25860000992948
24|1,2712491503214
25|1,28402541668774
26|1,29693008666577
27|1,30996445073325
28|1,32312981233744
29|1,33642748802547
30|1,349858807576
31|1,36342511413218
32|1,37712776433596
33|1,39096812846378
34|1,40494759056359
35|1,41906754859326
36|1,43332941456034
37|1,44773461466332
38|1,46228458943422
39|1,47698079388264
40|1,49182469764127
41|1,50681778511285
42|1,52196155561863
43|1,53725752354828
44|1,55270721851134
45|1,56831218549017
46|1,58407398499448
47|1,59999419321736
48|1,61607440219289
49|1,63231621995538
50|1,64872127070013
51|1,66529119494589
52|1,68202764969889
53|1,69893230861855
54|1,71600686218486
55|1,7332530178674
56|1,7506725002961
57|1,76826705143374
58|1,78603843075007
59|1,80398841539786
60|1,82211880039051
61|1,84043139878164
62|1,85892804184634
63|1,87761057926434
64|1,89648087930495
65|1,9155408290139
66|1,93479233440203
67|1,95423732063594
68|1,97387773223045
69|1,99371553324308
70|2,01375270747048
71|2,03399125864675
72|2,05443321064389
73|2,07508060767412
74|2,09593551449436
75|2,11700001661267
76|2,13827622049682
77|2,15976625378492
78|2,1814722654982
79|2,20339642625594
80|2,22554092849247
81|2,24790798667647
82|2,27049983753241
83|2,29331874026418
84|2,31636697678109
85|2,33964685192599
86|2,36316069370579
87|2,38691085352428
88|2,41089970641721
89|2,43512965128987
90|2,45960311115695
91|2,48432253338482
92|2,5092903899363
93|2,53450917761785
94|2,55998141832927
95|2,58570965931585
96|2,61169647342312
97|2,63794445935415
98|2,66445624192942
99|2,69123447234926
100|2,71828182845905
101|2,74560101501692
102|2,7731947639643
103|2,80106583469908
104|2,82921701435156
105|2,85765111806316
106|2,88637098926796
107|2,915379499977
108|2,94467955106552
109|2,97427407256307
110|3,00416602394643
111|3,03435839443568
112|3,064854203293
113|3,09565650012471
114|3,12676836518616
115|3,15819290968977
116|3,18993327611618
117|3,2219926385285
118|3,25437420288967
119|3,28708120738312
120|3,32011692273655
121|3,35348465254902
122|3,38718773362133
123|3,42122953628967
124|3,45561346476268
125|3,49034295746184
126|3,52542148736538
127|3,56085256235552
128|3,59663972556928
129|3,63278655575281
130|3,66929666761924
131|3,7061737122102
132|3,74342137726086
133|3,78104338756878
134|3,81904350536634
135|3,85742553069697
136|3,89619330179521
137|3,93535069547047
138|3,97490162749475
139|4,0148500529942
140|4,05519996684467
141|4,09595540407118
142|4,13712044025139
143|4,17869919192325
144|4,22069581699655
145|4,26311451516882
146|4,30595952834521
147|4,34923514106274
148|4,39294568091876
149|4,43709551900366
150|4,48168907033806
151|4,52673079431425
152|4,57222519514216
153|4,61817682229978
154|4,66459027098813
155|4,71147018259074
156|4,75882124513785
157|4,80664819377518
158|4,85495581123743
159|4,90374892832662
160|4,95303242439511
161|5,00281122783359
162|5,05309031656387
163|5,10387471853672
164|5,15516951223468
165|5,20697982717985
166|5,2593108444469
167|5,31216779718117
168|5,36555597112197
169|5,41948070513121
170|5,4739473917272
171|5,528961477624
172|5,58452846427605
173|5,64065390842832
174|5,69734342267199
175|5,75460267600573
176|5,81243739440259
177|5,8708533613826
178|5,92985641859115
179|5,98945246638311
180|6,04964746441295
181|6,11044743223061
182|6,17185844988355
183|6,23388665852472
184|6,29653826102666
185|6,35981952260183
186|6,42373677142913
187|6,48829639928671
188|6,55350486219115
189|6,61936868104308
190|6,68589444227927
191|6,75308879853129
192|6,82095846929075
193|6,88951024158129
194|6,95875097063727
195|7,02868758058929
196|7,09932706515663
197|7,17067648834661
198|7,24274298516101
199|7,31553376230957
200|7,38905609893065
201|7,46331734731919
202|7,53832493366192
203|7,61408635877997
204|7,690609198879
205|7,76790110630677
206|7,84596981031845
207|7,92482311784949
208|8,00446891429635
209|8,08491516430506
210|8,16616991256765
211|8,24824128462666
212|8,33113748768769
213|8,41486681144013
214|8,49943762888612
215|8,58485839717789
216|8,67113765846345
217|8,75828404074083
218|8,84630625872088
219|8,93521311469875
220|9,02501349943412
221|9,11571639304031
222|9,20733086588225
223|9,29986607948358
224|9,39333128744278
225|9,48773583635852
226|9,58308916676437
227|9,67940081407284
228|9,7766804095289
229|9,87493768117318
230|9,97418245481472
231|10,0744246550136
232|10,1756743060733
233|10,2779415330434
234|10,3812365627318
235|10,4855697247276
236|10,5909514524338
237|10,6973922841111
238|10,8049028639313
239|10,913493943042
240|11,0231763806416
241|11,1339611450653
242|11,2458593148818
243|11,3588820800015
244|11,4730407427948
245|11,5883467192234
246|11,7048115399809
247|11,8224468516464
248|11,9412644178491
249|12,0612761204447
250|12,1824939607035
251|12,3049300605104
252|12,4285966635775
253|12,5535061366682
254|12,6796709708339
255|12,807103782663
256|12,9358173155431
257|13,0658244409346
258|13,1971381596584
259|13,3297716031958
260|13,4637380350017
261|13,5990508518309
262|13,7357235850779
263|13,8737699021299
264|14,0132036077336
265|14,1540386453758
266|14,2962890986776
267|14,4399691928029
268|14,5850932958808
269|14,7316759204426
270|14,8797317248728
271|15,0292755148754
272|15,1803222449539
273|15,3328870199072
274|15,4869850963399
275|15,6426318841882
276|15,7998429482604
277|15,958634009794
278|16,1190209480275
279|16,2810198017884
280|16,444646771097
281|16,6099182187867
282|16,7768506721399
283|16,945460824541
284|17,1157655371459
285|17,2877818405676
286|17,46152693658
287|17,6370181998373
288|17,8142731796122
289|17,9933096015503
290|18,1741453694431
291|18,3567985670179
292|18,5412874597469
293|18,7276304966729
294|18,915846312255
295|19,1059537282316
296|19,2979717555028
297|19,4919195960311
298|19,6878166447624
299|19,8856824915647
300|20,0855369231877
301|20,2873999252409
302|20,4912916841929
303|20,6972325893895
304|20,9052432350928
305|21,1153444225406
306|21,3275571620269
307|21,5419026750024
308|21,7584023961971
309|21,9770779757634
310|22,1979512814416
311|22,4210444007463
312|22,6463796431754
313|22,8739795424408
314|23,1038668587222
315|23,3360645809427
316|23,5705959290681
317|23,8074843564287
318|24,0467535520645
319|24,2884274430946
320|24,5325301971093
321|24,7790862245877
322|25,0281201813378
323|25,2796569709629
324|25,5337217473515
325|25,7903399171931
326|26,0495371425183
327|26,3113393432659
328|26,5757726998739
329|26,8428636558986
330|27,1126389206579
331|27,3851254719032
332|27,6603505585167
333|27,9383417032365
334|28,2191267054086
335|28,5027336437673
336|28,7891908792427
337|29,0785270577971
338|29,3707711132894
339|29,6659522703689
340|29,964100047397
341|30,2652442594001
342|30,5694150210502
343|30,876642749677
344|31,1869581683095
345|31,5003923087479
346|31,8169765146677
347|32,1367424447532
348|32,4597220758638
349|32,7859477062319
350|33,1154519586923
351|33,4482677839449
